   1.0000000000000000E-003   1.0000005000000002E-003
   2.0000000000000000E-003   2.0000030000035000E-003
   3.0000000000000001E-003   3.0000095000305002E-003
   4.0000000000000001E-003   4.0000220001330010E-003
   5.0000000000000001E-003   5.0000425004110040E-003
   6.0000000000000001E-003   6.0000730010285139E-003
   7.0000000000000001E-003   7.0001155022295421E-003
   8.0000000000000002E-003   8.0001720043541089E-003
   9.0000000000000011E-003   9.0002445078542510E-003
   1.0000000000000000E-002   1.0000335013310028E-002
   1.0999999999999999E-002   1.1000445521445532E-002
   1.2000000000000000E-002   1.2000578033144903E-002
   1.3000000000000001E-002   1.3000734549468341E-002
   1.4000000000000000E-002   1.4000917071668121E-002
   1.4999999999999999E-002   1.5001127601204624E-002
   1.6000000000000000E-002   1.6001368139762353E-002
   1.7000000000000001E-002   1.7001640689265966E-002
   1.8000000000000002E-002   1.8001947251896303E-002
   1.9000000000000000E-002   1.9002289830106430E-002
   2.0000000000000000E-002   2.0002670426637680E-002
   2.1000000000000001E-002   2.1003091044535696E-002
   2.1999999999999999E-002   2.2003553687166482E-002
   2.3000000000000000E-002   2.3004060358232468E-002
   2.4000000000000000E-002   2.4004613061788561E-002
   2.5000000000000001E-002   2.5005213802258230E-002
   2.6000000000000002E-002   2.6005864584449562E-002
   2.7000000000000000E-002   2.7006567413571360E-002
   2.8000000000000001E-002   2.8007324295249224E-002
   2.9000000000000001E-002   2.9008137235541648E-002
   2.9999999999999999E-002   3.0009008240956123E-002
   3.1000000000000000E-002   3.1009939318465244E-002
   3.2000000000000001E-002   3.2010932475522842E-002
   3.3000000000000002E-002   3.3011989720080091E-002
   3.4000000000000002E-002   3.4013113060601660E-002
   3.5000000000000003E-002   3.5014304506081846E-002
   3.6000000000000004E-002   3.6015566066060739E-002
   3.6999999999999998E-002   3.7016899750640375E-002
   3.7999999999999999E-002   3.8018307570500905E-002
   3.9000000000000000E-002   3.9019791536916787E-002
   4.0000000000000001E-002   4.0021353661772965E-002
   4.1000000000000002E-002   4.1022995957581090E-002
   4.2000000000000003E-002   4.2024720437495722E-002
   4.3000000000000003E-002   4.3026529115330545E-002
   4.3999999999999997E-002   4.4028424005574614E-002
   4.4999999999999998E-002   4.5030407123408611E-002
   4.5999999999999999E-002   4.6032480484721076E-002
   4.7000000000000000E-002   4.7034646106124706E-002
   4.8000000000000001E-002   4.8036906004972617E-002
   4.9000000000000002E-002   4.9039262199374649E-002
   5.0000000000000003E-002   5.0041716708213682E-002
   5.1000000000000004E-002   5.1044271551161938E-002
   5.2000000000000005E-002   5.2046928748697339E-002
   5.2999999999999999E-002   5.3049690322119841E-002
   5.3999999999999999E-002   5.4052558293567796E-002
   5.5000000000000000E-002   5.5055534686034344E-002
   5.6000000000000001E-002   5.6058621523383784E-002
   5.7000000000000002E-002   5.7061820830368003E-002
   5.8000000000000003E-002   5.8065134632642887E-002
   5.9000000000000004E-002   5.9068564956784746E-002
   5.9999999999999998E-002   6.0072113830306792E-002
   6.0999999999999999E-002   6.1075783281675601E-002
   6.2000000000000000E-002   6.2079575340327584E-002
   6.3000000000000000E-002   6.3083492036685507E-002
   6.4000000000000001E-002   6.4087535402174989E-002
   6.5000000000000002E-002   6.5091707469241075E-002
   6.6000000000000003E-002   6.6096010271364747E-002
   6.7000000000000004E-002   6.7100445843079518E-002
   6.8000000000000005E-002   6.8105016219988046E-002
   6.9000000000000006E-002   6.9109723438778678E-002
   7.0000000000000007E-002   7.0114569537242127E-002
   7.1000000000000008E-002   7.1119556554288130E-002
   7.2000000000000008E-002   7.2124686529962040E-002
   7.2999999999999995E-002   7.3129961505461596E-002
   7.3999999999999996E-002   7.4135383523153575E-002
   7.4999999999999997E-002   7.5140954626590539E-002
   7.5999999999999998E-002   7.6146676860527548E-002
   7.6999999999999999E-002   7.7152552270938965E-002
   7.8000000000000000E-002   7.8158582905035218E-002
   7.9000000000000001E-002   7.9164770811279608E-002
   8.0000000000000002E-002   8.0171118039405159E-002
   8.1000000000000003E-002   8.1177626640431447E-002
   8.2000000000000003E-002   8.2184298666681477E-002
   8.3000000000000004E-002   8.3191136171798588E-002
   8.4000000000000005E-002   8.4198141210763341E-002
   8.5000000000000006E-002   8.5205315839910506E-002
   8.6000000000000007E-002   8.6212662116946004E-002
   8.7000000000000008E-002   8.7220182100963883E-002
   8.7999999999999995E-002   8.8227877852463346E-002
   8.8999999999999996E-002   8.9235751433365776E-002
   8.9999999999999997E-002   9.0243804907031822E-002
   9.0999999999999998E-002   9.1252040338278453E-002
   9.1999999999999998E-002   9.2260459793396088E-002
   9.2999999999999999E-002   9.3269065340165727E-002
   9.4000000000000000E-002   9.4277859047876111E-002
   9.5000000000000001E-002   9.5286842987340914E-002
   9.6000000000000002E-002   9.6296019230915950E-002
   9.7000000000000003E-002   9.7305389852516425E-002
   9.8000000000000004E-002   9.8314956927634201E-002
   9.9000000000000005E-002   9.9324722533355086E-002
  0.10000000000000001       0.10033468874837619     
  0.10100000000000001       0.10134485765302320     
  0.10200000000000001       0.10235523132926784     
  0.10300000000000001       0.10336581186074525     
  0.10400000000000001       0.10437660133277141     
  0.10500000000000000       0.10538760183236061     
  0.10600000000000000       0.10639881544824295     
  0.10700000000000000       0.10741024427088189     
  0.10800000000000000       0.10842189039249175     
  0.10900000000000000       0.10943375590705536     
  0.11000000000000000       0.11044584291034161     
  0.11100000000000000       0.11145815349992316     
  0.11200000000000000       0.11247068977519409     
  0.11300000000000000       0.11348345383738757     
  0.11400000000000000       0.11449644778959371     
  0.11500000000000000       0.11550967373677722     
  0.11600000000000001       0.11652313378579528     
  0.11700000000000001       0.11753683004541539     
  0.11800000000000001       0.11855076462633320     
  0.11900000000000001       0.11956493964119044     
  0.12000000000000000       0.12057935720459290     
  0.12100000000000000       0.12159401943312831     
  0.12200000000000000       0.12260892844538446     
  0.12300000000000000       0.12362408636196719     
  0.12400000000000000       0.12463949530551845     
  0.12500000000000000       0.12565515740073446     
  0.12600000000000000       0.12667107477438388     
  0.12700000000000000       0.12768724955532593     
  0.12800000000000000       0.12870368387452866     
  0.12900000000000000       0.12972037986508719     
  0.13000000000000000       0.13073733966224210     
  0.13100000000000001       0.13175456540339761     
  0.13200000000000001       0.13277205922814006     
  0.13300000000000001       0.13378982327825636     
  0.13400000000000001       0.13480785969775233     
  0.13500000000000001       0.13582617063287128     
  0.13600000000000001       0.13684475823211251     
  0.13700000000000001       0.13786362464624988     
  0.13800000000000001       0.13888277202835042     
  0.13900000000000001       0.13990220253379301     
  0.14000000000000001       0.14092191832028705     
  0.14100000000000001       0.14194192154789118     
  0.14200000000000002       0.14296221437903206     
  0.14300000000000002       0.14398279897852323     
  0.14400000000000002       0.14500367751358392     
  0.14499999999999999       0.14602485215385799     
  0.14599999999999999       0.14704632507143281     
  0.14699999999999999       0.14806809844085836     
  0.14799999999999999       0.14909017443916614     
  0.14899999999999999       0.15011255524588832     
  0.14999999999999999       0.15113524304307685     
  0.15100000000000000       0.15215824001532263     
  0.15200000000000000       0.15318154834977471     
  0.15300000000000000       0.15420517023615951     
  0.15400000000000000       0.15522910786680019     
  0.15500000000000000       0.15625336343663593     
  0.15600000000000000       0.15727793914324140     
  0.15700000000000000       0.15830283718684615     
  0.15800000000000000       0.15932805977035411     
  0.15900000000000000       0.16035360909936311     
  0.16000000000000000       0.16137948738218449     
  0.16100000000000000       0.16240569682986278     
  0.16200000000000001       0.16343223965619522     
  0.16300000000000001       0.16445911807775168     
  0.16400000000000001       0.16548633431389437     
  0.16500000000000001       0.16651389058679761     
  0.16600000000000001       0.16754178912146778     
  0.16700000000000001       0.16857003214576324     
  0.16800000000000001       0.16959862189041430     
  0.16900000000000001       0.17062756058904330     
  0.17000000000000001       0.17165685047818463     
  0.17100000000000001       0.17268649379730491     
  0.17200000000000001       0.17371649278882317     
  0.17300000000000001       0.17474684969813112     
  0.17400000000000002       0.17577756677361339     
  0.17500000000000002       0.17680864626666795     
  0.17599999999999999       0.17784009043172647     
  0.17699999999999999       0.17887190152627483     
  0.17799999999999999       0.17990408181087358     
  0.17899999999999999       0.18093663354917858     
  0.17999999999999999       0.18196955900796152     
  0.18099999999999999       0.18300286045713077     
  0.18200000000000000       0.18403654016975193     
  0.18300000000000000       0.18507060042206883     
  0.18400000000000000       0.18610504349352419     
  0.18500000000000000       0.18713987166678070     
  0.18600000000000000       0.18817508722774190     
  0.18700000000000000       0.18921069246557323     
  0.18800000000000000       0.19024668967272315     
  0.18900000000000000       0.19128308114494424     
  0.19000000000000000       0.19231986918131450     
  0.19100000000000000       0.19335705608425849     
  0.19200000000000000       0.19439464415956881     
  0.19300000000000000       0.19543263571642738     
  0.19400000000000001       0.19647103306742697     
  0.19500000000000001       0.19750983852859269     
  0.19600000000000001       0.19854905441940357     
  0.19700000000000001       0.19958868306281422     
  0.19800000000000001       0.20062872678527652     
  0.19900000000000001       0.20166918791676142     
  0.20000000000000001       0.20271006879078077     
  0.20100000000000001       0.20375137174440919     
  0.20200000000000001       0.20479309911830609     
  0.20300000000000001       0.20583525325673768     
  0.20400000000000001       0.20687783650759908     
  0.20500000000000002       0.20792085122243648     
  0.20600000000000002       0.20896429975646932     
  0.20700000000000002       0.21000818446861277     
  0.20800000000000002       0.21105250772149989     
  0.20899999999999999       0.21209727188150418     
  0.20999999999999999       0.21314247931876210     
  0.21099999999999999       0.21418813240719561     
  0.21199999999999999       0.21523423352453486     
  0.21299999999999999       0.21628078505234083     
  0.21400000000000000       0.21732778937602820     
  0.21500000000000000       0.21837524888488821     
  0.21600000000000000       0.21942316597211156     
  0.21700000000000000       0.22047154303481145     
  0.21800000000000000       0.22152038247404660     
  0.21900000000000000       0.22256968669484448     
  0.22000000000000000       0.22361945810622449     
  0.22100000000000000       0.22466969912122131     
  0.22200000000000000       0.22572041215690822     
  0.22300000000000000       0.22677159963442059     
  0.22400000000000000       0.22782326397897940     
  0.22500000000000001       0.22887540761991484     
  0.22600000000000001       0.22992803299069006     
  0.22700000000000001       0.23098114252892479     
  0.22800000000000001       0.23203473867641930     
  0.22900000000000001       0.23308882387917829     
  0.23000000000000001       0.23414340058743482     
  0.23100000000000001       0.23519847125567456     
  0.23200000000000001       0.23625403834265971     
  0.23300000000000001       0.23731010431145341     
  0.23400000000000001       0.23836667162944403     
  0.23500000000000001       0.23942374276836950     
  0.23600000000000002       0.24048132020434188     
  0.23700000000000002       0.24153940641787183     
  0.23800000000000002       0.24259800389389341     
  0.23900000000000002       0.24365711512178861     
  0.23999999999999999       0.24471674259541237     
  0.24099999999999999       0.24577688881311732     
  0.24199999999999999       0.24683755627777887     
  0.24299999999999999       0.24789874749682023     
  0.24399999999999999       0.24896046498223762     
  0.24500000000000000       0.25002271125062547     
  0.24600000000000000       0.25108548882320175     
  0.24700000000000000       0.25214880022583352     
  0.24800000000000000       0.25321264798906223     
  0.24900000000000000       0.25427703464812945     
  0.25000000000000000       0.25534196274300264     
  0.25100000000000000       0.25640743481840073     
  0.25200000000000000       0.25747345342382016     
  0.25300000000000000       0.25854002111356084     
  0.25400000000000000       0.25960714044675204     
  0.25500000000000000       0.26067481398737880     
  0.25600000000000001       0.26174304430430795     
  0.25700000000000001       0.26281183397131463     
  0.25800000000000001       0.26388118556710854     
  0.25900000000000001       0.26495110167536062     
  0.26000000000000001       0.26602158488472960     
  0.26100000000000001       0.26709263778888870     
  0.26200000000000001       0.26816426298655260     
  0.26300000000000001       0.26923646308150423     
  0.26400000000000001       0.27030924068262174     
  0.26500000000000001       0.27138259840390577     
  0.26600000000000001       0.27245653886450649     
  0.26700000000000002       0.27353106468875105     
  0.26800000000000002       0.27460617850617097     
  0.26900000000000002       0.27568188295152968     
  0.27000000000000002       0.27675818066484997     
  0.27100000000000002       0.27783507429144194     
  0.27200000000000002       0.27891256648193075     
  0.27300000000000002       0.27999065989228444     
  0.27400000000000002       0.28106935718384218     
  0.27500000000000002       0.28214866102334218     
  0.27600000000000002       0.28322857408295010     
  0.27700000000000002       0.28430909904028734     
  0.27800000000000002       0.28539023857845952     
  0.27900000000000003       0.28647199538608509     
  0.28000000000000003       0.28755437215732382     
  0.28100000000000003       0.28863737159190594     
  0.28200000000000003       0.28972099639516063     
  0.28300000000000003       0.29080524927804541     
  0.28400000000000003       0.29189013295717492     
  0.28500000000000003       0.29297565015485044     
  0.28600000000000003       0.29406180359908907     
  0.28700000000000003       0.29514859602365323     
  0.28800000000000003       0.29623603016808026     
  0.28899999999999998       0.29732410877771204     
  0.28999999999999998       0.29841283460372486     
  0.29099999999999998       0.29950221040315944     
  0.29199999999999998       0.30059223893895071     
  0.29299999999999998       0.30168292297995813     
  0.29399999999999998       0.30277426530099605     
  0.29499999999999998       0.30386626868286393     
  0.29599999999999999       0.30495893591237699     
  0.29699999999999999       0.30605226978239675     
  0.29799999999999999       0.30714627309186182     
  0.29899999999999999       0.30824094864581886     
  0.29999999999999999       0.30933629925545347     
  0.30099999999999999       0.31043232773812135     
  0.30199999999999999       0.31152903691737965     
  0.30299999999999999       0.31262642962301818     
  0.30399999999999999       0.31372450869109103     
  0.30499999999999999       0.31482327696394824     
  0.30599999999999999       0.31592273729026749     
  0.30700000000000000       0.31702289252508586     
  0.30800000000000000       0.31812374552983219     
  0.30900000000000000       0.31922529917235892     
  0.31000000000000000       0.32032755632697446     
  0.31100000000000000       0.32143051987447568     
  0.31200000000000000       0.32253419270218031     
  0.31300000000000000       0.32363857770395982     
  0.31400000000000000       0.32474367778027202     
  0.31500000000000000       0.32584949583819417     
  0.31600000000000000       0.32695603479145596     
  0.31700000000000000       0.32806329756047281     
  0.31800000000000000       0.32917128707237914     
  0.31900000000000001       0.33028000626106191     
  0.32000000000000001       0.33138945806719428     
  0.32100000000000001       0.33249964543826943     
  0.32200000000000001       0.33361057132863431     
  0.32300000000000001       0.33472223869952383     
  0.32400000000000001       0.33583465051909511     
  0.32500000000000001       0.33694780976246169     
  0.32600000000000001       0.33806171941172813     
  0.32700000000000001       0.33917638245602461     
  0.32800000000000001       0.34029180189154162     
  0.32900000000000001       0.34140798072156503     
  0.33000000000000002       0.34252492195651113     
  0.33100000000000002       0.34364262861396189     
  0.33200000000000002       0.34476110371870017     
  0.33300000000000002       0.34588035030274550     
  0.33400000000000002       0.34700037140538953     
  0.33500000000000002       0.34812117007323201     
  0.33600000000000002       0.34924274936021676     
  0.33700000000000002       0.35036511232766776     
  0.33800000000000002       0.35148826204432548     
  0.33900000000000002       0.35261220158638329     
  0.34000000000000002       0.35373693403752415     
  0.34100000000000003       0.35486246248895736     
  0.34200000000000003       0.35598879003945544     
  0.34300000000000003       0.35711591979539126     
  0.34400000000000003       0.35824385487077531     
  0.34500000000000003       0.35937259838729307     
  0.34600000000000003       0.36050215347434256     
  0.34700000000000003       0.36163252326907225     
  0.34800000000000003       0.36276371091641874     
  0.34900000000000003       0.36389571956914502     
  0.35000000000000003       0.36502855238787862     
  0.35100000000000003       0.36616221254115006     
  0.35199999999999998       0.36729670320543134     
  0.35299999999999998       0.36843202756517485     
  0.35399999999999998       0.36956818881285214     
  0.35499999999999998       0.37070519014899317     
  0.35599999999999998       0.37184303478222547     
  0.35699999999999998       0.37298172592931356     
  0.35799999999999998       0.37412126681519864     
  0.35899999999999999       0.37526166067303840     
  0.35999999999999999       0.37640291074424692     
  0.36099999999999999       0.37754502027853498     
  0.36199999999999999       0.37868799253395019     
  0.36299999999999999       0.37983183077691762     
  0.36399999999999999       0.38097653828228051     
  0.36499999999999999       0.38212211833334120     
  0.36599999999999999       0.38326857422190203     
  0.36699999999999999       0.38441590924830671     
  0.36799999999999999       0.38556412672148183     
  0.36899999999999999       0.38671322995897839     
  0.37000000000000000       0.38786322228701359     
  0.37100000000000000       0.38901410704051298     
  0.37200000000000000       0.39016588756315251     
  0.37300000000000000       0.39131856720740105     
  0.37400000000000000       0.39247214933456287     
  0.37500000000000000       0.39362663731482050     
  0.37600000000000000       0.39478203452727773     
  0.37700000000000000       0.39593834436000275     
  0.37800000000000000       0.39709557021007152     
  0.37900000000000000       0.39825371548361138     
  0.38000000000000000       0.39941278359584487     
  0.38100000000000001       0.40057277797113355     
  0.38200000000000001       0.40173370204302239     
  0.38300000000000001       0.40289555925428400     
  0.38400000000000001       0.40405835305696342     
  0.38500000000000001       0.40522208691242273     
  0.38600000000000001       0.40638676429138620     
  0.38700000000000001       0.40755238867398552     
  0.38800000000000001       0.40871896354980508     
  0.38900000000000001       0.40988649241792779     
  0.39000000000000001       0.41105497878698094     
  0.39100000000000001       0.41222442617518223     
  0.39200000000000002       0.41339483811038602     
  0.39300000000000002       0.41456621813013000     
  0.39400000000000002       0.41573856978168178     
  0.39500000000000002       0.41691189662208589     
  0.39600000000000002       0.41808620221821108     
  0.39700000000000002       0.41926149014679753     
  0.39800000000000002       0.42043776399450472     
  0.39900000000000002       0.42161502735795903     
  0.40000000000000002       0.42279328384380199     
  0.40100000000000002       0.42397253706873861     
  0.40200000000000002       0.42515279065958583     
  0.40300000000000002       0.42633404825332138     
  0.40400000000000003       0.42751631349713276     
  0.40500000000000003       0.42869959004846653     
  0.40600000000000003       0.42988388157507768     
  0.40700000000000003       0.43106919175507952     
  0.40800000000000003       0.43225552427699354     
  0.40900000000000003       0.43344288283979965     
  0.41000000000000003       0.43463127115298666     
  0.41100000000000003       0.43582069293660286     
  0.41200000000000003       0.43701115192130713     
  0.41300000000000003       0.43820265184842000     
  0.41400000000000003       0.43939519646997516     
  0.41500000000000004       0.44058878954877101     
  0.41600000000000004       0.44178343485842286     
  0.41699999999999998       0.44297913618341489     
  0.41799999999999998       0.44417589731915269     
  0.41899999999999998       0.44537372207201592     
  0.41999999999999998       0.44657261425941136     
  0.42099999999999999       0.44777257770982609     
  0.42199999999999999       0.44897361626288096     
  0.42299999999999999       0.45017573376938436     
  0.42399999999999999       0.45137893409138624     
  0.42499999999999999       0.45258322110223237     
  0.42599999999999999       0.45378859868661897     
  0.42699999999999999       0.45499507074064738     
  0.42799999999999999       0.45620264117187925     
  0.42899999999999999       0.45741131389939199     
  0.42999999999999999       0.45862109285383423     
  0.43099999999999999       0.45983198197748193     
  0.43200000000000000       0.46104398522429441     
  0.43300000000000000       0.46225710655997093     
  0.43400000000000000       0.46347134996200745     
  0.43500000000000000       0.46468671941975359     
  0.43600000000000000       0.46590321893447012     
  0.43700000000000000       0.46712085251938645     
  0.43800000000000000       0.46833962419975861     
  0.43900000000000000       0.46955953801292738     
  0.44000000000000000       0.47078059800837685     
  0.44100000000000000       0.47200280824779317     
  0.44200000000000000       0.47322617280512375     
  0.44300000000000000       0.47445069576663645     
  0.44400000000000001       0.47567638123097944     
  0.44500000000000001       0.47690323330924106     
  0.44600000000000001       0.47813125612501028     
  0.44700000000000001       0.47936045381443720     
  0.44800000000000001       0.48059083052629398     
  0.44900000000000001       0.48182239042203595     
  0.45000000000000001       0.48305513767586339     
  0.45100000000000001       0.48428907647478314     
  0.45200000000000001       0.48552421101867094     
  0.45300000000000001       0.48676054552033382     
  0.45400000000000001       0.48799808420557295     
  0.45500000000000002       0.48923683131324675     
  0.45600000000000002       0.49047679109533432     
  0.45700000000000002       0.49171796781699934     
  0.45800000000000002       0.49296036575665403     
  0.45900000000000002       0.49420398920602371     
  0.46000000000000002       0.49544884247021143     
  0.46100000000000002       0.49669492986776331     
  0.46200000000000002       0.49794225573073381     
  0.46300000000000002       0.49919082440475154     
  0.46400000000000002       0.50044064024908541     
  0.46500000000000002       0.50169170763671123     
  0.46600000000000003       0.50294403095437834     
  0.46700000000000003       0.50419761460267687     
  0.46800000000000003       0.50545246299610525     
  0.46900000000000003       0.50670858056313817     
  0.47000000000000003       0.50796597174629476     
  0.47100000000000003       0.50922464100220710     
  0.47200000000000003       0.51048459280168912     
  0.47300000000000003       0.51174583162980625     
  0.47400000000000003       0.51300836198594479     
  0.47500000000000003       0.51427218838388200     
  0.47600000000000003       0.51553731535185665     
  0.47700000000000004       0.51680374743263968     
  0.47800000000000004       0.51807148918360546     
  0.47900000000000004       0.51934054517680317     
  0.47999999999999998       0.52061091999902886     
  0.48099999999999998       0.52188261825189775     
  0.48199999999999998       0.52315564455191699     
  0.48299999999999998       0.52443000353055846     
  0.48399999999999999       0.52570569983433246     
  0.48499999999999999       0.52698273812486163     
  0.48599999999999999       0.52826112307895490     
  0.48699999999999999       0.52954085938868245     
  0.48799999999999999       0.53082195176145064     
  0.48899999999999999       0.53210440492007738     
  0.48999999999999999       0.53338822360286819     
  0.49099999999999999       0.53467341256369216     
  0.49199999999999999       0.53595997657205907     
  0.49299999999999999       0.53724792041319591     
  0.49399999999999999       0.53853724888812482     
  0.49500000000000000       0.53982796681374101     
  0.49600000000000000       0.54112007902289072     
  0.49700000000000000       0.54241359036445047     
  0.49800000000000000       0.54370850570340601     
  0.49900000000000000       0.54500482992093180     
  0.50000000000000000       0.54630256791447152     
  0.50100000000000000       0.54760172459781797     
  0.50200000000000000       0.54890230490119463     
  0.50300000000000000       0.55020431377133661     
  0.50400000000000000       0.55150775617157255     
  0.50500000000000000       0.55281263708190698     
  0.50600000000000001       0.55411896149910300     
  0.50700000000000001       0.55542673443676549     
  0.50800000000000001       0.55673596092542454     
  0.50900000000000001       0.55804664601261988     
  0.51000000000000001       0.55935879476298522     
  0.51100000000000001       0.56067241225833320     
  0.51200000000000001       0.56198750359774097     
  0.51300000000000001       0.56330407389763637     
  0.51400000000000001       0.56462212829188385     
  0.51500000000000001       0.56594167193187195     
  0.51600000000000001       0.56726270998660022     
  0.51700000000000002       0.56858524764276752     
  0.51800000000000002       0.56990929010485991     
  0.51900000000000002       0.57123484259524004     
  0.52000000000000002       0.57256191035423598     
  0.52100000000000002       0.57389049864023156     
  0.52200000000000002       0.57522061272975633     
  0.52300000000000002       0.57655225791757658     
  0.52400000000000002       0.57788543951678684     
  0.52500000000000002       0.57922016285890154     
  0.52600000000000002       0.58055643329394757     
  0.52700000000000002       0.58189425619055690     
  0.52800000000000002       0.58323363693606045     
  0.52900000000000003       0.58457458093658177     
  0.53000000000000003       0.58591709361713162     
  0.53100000000000003       0.58726118042170283     
  0.53200000000000003       0.58860684681336606     
  0.53300000000000003       0.58995409827436585     
  0.53400000000000003       0.59130294030621722     
  0.53500000000000003       0.59265337842980281     
  0.53600000000000003       0.59400541818547092     
  0.53700000000000003       0.59535906513313341     
  0.53800000000000003       0.59671432485236475     
  0.53900000000000003       0.59807120294250138     
  0.54000000000000004       0.59942970502274184     
  0.54100000000000004       0.60078983673224717     
  0.54200000000000004       0.60215160373024201     
  0.54300000000000004       0.60351501169611665     
  0.54400000000000004       0.60488006632952873     
  0.54500000000000004       0.60624677335050681     
  0.54600000000000004       0.60761513849955318     
  0.54700000000000004       0.60898516753774834     
  0.54800000000000004       0.61035686624685559     
  0.54900000000000004       0.61173024042942625     
  0.55000000000000004       0.61310529590890550     
  0.55100000000000005       0.61448203852973893     
  0.55200000000000005       0.61586047415747958     
  0.55300000000000005       0.61724060867889574     
  0.55400000000000005       0.61862244800207922     
  0.55500000000000005       0.62000599805655432     
  0.55600000000000005       0.62139126479338747     
  0.55700000000000005       0.62277825418529742     
  0.55800000000000005       0.62416697222676631     
  0.55900000000000005       0.62555742493415079     
  0.56000000000000005       0.62694961834579466     
  0.56100000000000005       0.62834355852214141     
  0.56200000000000006       0.62973925154584787     
  0.56300000000000006       0.63113670352189821     
  0.56400000000000006       0.63253592057771901     
  0.56500000000000006       0.63393690886329435     
  0.56600000000000006       0.63533967455128249     
  0.56700000000000006       0.63674422383713236     
  0.56800000000000006       0.63815056293920136     
  0.56900000000000006       0.63955869809887333     
  0.57000000000000006       0.64096863558067774     
  0.57100000000000006       0.64238038167240907     
  0.57200000000000006       0.64379394268524759     
  0.57300000000000006       0.64520932495387995     
  0.57400000000000007       0.64662653483662125     
  0.57500000000000007       0.64804557871553747     
  0.57600000000000007       0.64946646299656863     
  0.57699999999999996       0.65088919410965285     
  0.57799999999999996       0.65231377850885097     
  0.57899999999999996       0.65374022267247212     
  0.57999999999999996       0.65516853310319978     
  0.58099999999999996       0.65659871632821887     
  0.58199999999999996       0.65803077889934325     
  0.58299999999999996       0.65946472739314432     
  0.58399999999999996       0.66090056841108036     
  0.58499999999999996       0.66233830857962639     
  0.58599999999999997       0.66377795455040489     
  0.58699999999999997       0.66521951300031779     
  0.58799999999999997       0.66666299063167833     
  0.58899999999999997       0.66810839417234469     
  0.58999999999999997       0.66955573037585359     
  0.59099999999999997       0.67100500602155533     
  0.59199999999999997       0.67245622791474935     
  0.59299999999999997       0.67390940288682055     
  0.59399999999999997       0.67536453779537675     
  0.59499999999999997       0.67682163952438656     
  0.59599999999999997       0.67828071498431841     
  0.59699999999999998       0.67974177111228040     
  0.59799999999999998       0.68120481487216078     
  0.59899999999999998       0.68266985325476937     
  0.59999999999999998       0.68413689327798022     
  0.60099999999999998       0.68560594198687452     
  0.60199999999999998       0.68707700645388492     
  0.60299999999999998       0.68855009377894039     
  0.60399999999999998       0.69002521108961190     
  0.60499999999999998       0.69150236554125954     
  0.60599999999999998       0.69298156431717994     
  0.60699999999999998       0.69446281462875503     
  0.60799999999999998       0.69594612371560127     
  0.60899999999999999       0.69743149884572031     
  0.60999999999999999       0.69891894731565019     
  0.61099999999999999       0.70040847645061766     
  0.61199999999999999       0.70190009360469130     
  0.61299999999999999       0.70339380616093594     
  0.61399999999999999       0.70488962153156742     
  0.61499999999999999       0.70638754715810903     
  0.61599999999999999       0.70788759051154837     
  0.61699999999999999       0.70938975909249535     
  0.61799999999999999       0.71089406043134140     
  0.61899999999999999       0.71240050208841932     
  0.62000000000000000       0.71390909165416427     
  0.62100000000000000       0.71541983674927601     
  0.62200000000000000       0.71693274502488169     
  0.62300000000000000       0.71844782416269992     
  0.62400000000000000       0.71996508187520614     
  0.62500000000000000       0.72148452590579848     
  0.62600000000000000       0.72300616402896489     
  0.62700000000000000       0.72453000405045165     
  0.62800000000000000       0.72605605380743221     
  0.62900000000000000       0.72758432116867799     
  0.63000000000000000       0.72911481403472955     
  0.63100000000000001       0.73064754033806911     
  0.63200000000000001       0.73218250804329432     
  0.63300000000000001       0.73371972514729278     
  0.63400000000000001       0.73525919967941789     
  0.63500000000000001       0.73680093970166594     
  0.63600000000000001       0.73834495330885397     
  0.63700000000000001       0.73989124862879896     
  0.63800000000000001       0.74143983382249834     
  0.63900000000000001       0.74299071708431141     
  0.64000000000000001       0.74454390664214187     
  0.64100000000000001       0.74609941075762176     
  0.64200000000000002       0.74765723772629644     
  0.64300000000000002       0.74921739587781067     
  0.64400000000000002       0.75077989357609609     
  0.64500000000000002       0.75234473921955980     
  0.64600000000000002       0.75391194124127414     
  0.64700000000000002       0.75548150810916759     
  0.64800000000000002       0.75705344832621724     
  0.64900000000000002       0.75862777043064211     
  0.65000000000000002       0.76020448299609789     
  0.65100000000000002       0.76178359463187306     
  0.65200000000000002       0.76336511398308615     
  0.65300000000000002       0.76494904973088418     
  0.65400000000000003       0.76653541059264252     
  0.65500000000000003       0.76812420532216619     
  0.65600000000000003       0.76971544270989223     
  0.65700000000000003       0.77130913158309333     
  0.65800000000000003       0.77290528080608323     
  0.65900000000000003       0.77450389928042296     
  0.66000000000000003       0.77610499594512850     
  0.66100000000000003       0.77770857977688024     
  0.66200000000000003       0.77931465979023351     
  0.66300000000000003       0.78092324503783006     
  0.66400000000000003       0.78253434461061189     
  0.66500000000000004       0.78414796763803574     
  0.66600000000000004       0.78576412328828904     
  0.66700000000000004       0.78738282076850774     
  0.66800000000000004       0.78900406932499501     
  0.66900000000000004       0.79062787824344216     
  0.67000000000000004       0.79225425684914985     
  0.67100000000000004       0.79388321450725208     
  0.67200000000000004       0.79551476062294058     
  0.67300000000000004       0.79714890464169141     
  0.67400000000000004       0.79878565604949270     
  0.67500000000000004       0.80042502437307395     
  0.67600000000000005       0.80206701918013712     
  0.67700000000000005       0.80371165007958900     
  0.67800000000000005       0.80535892672177489     
  0.67900000000000005       0.80700885879871465     
  0.68000000000000005       0.80866145604433937     
  0.68100000000000005       0.81031672823473033     
  0.68200000000000005       0.81197468518835925     
  0.68300000000000005       0.81363533676633026     
  0.68400000000000005       0.81529869287262347     
  0.68500000000000005       0.81696476345434010     
  0.68600000000000005       0.81863355850194941     
  0.68700000000000006       0.82030508804953706     
  0.68800000000000006       0.82197936217505563     
  0.68900000000000006       0.82365639100057619     
  0.69000000000000006       0.82533618469254211     
  0.69100000000000006       0.82701875346202436     
  0.69200000000000006       0.82870410756497837     
  0.69300000000000006       0.83039225730250310     
  0.69400000000000006       0.83208321302110155     
  0.69500000000000006       0.83377698511294285     
  0.69600000000000006       0.83547358401612692     
  0.69700000000000006       0.83717302021494988     
  0.69800000000000006       0.83887530424017198     
  0.69900000000000007       0.84058044666928744     
  0.70000000000000007       0.84228845812679554     
  0.70100000000000007       0.84399934928447418     
  0.70200000000000007       0.84571313086165489     
  0.70300000000000007       0.84742981362550007     
  0.70399999999999996       0.84914940839128195     
  0.70499999999999996       0.85087192602266326     
  0.70599999999999996       0.85259737743198050     
  0.70699999999999996       0.85432577358052841     
  0.70799999999999996       0.85605712547884705     
  0.70899999999999996       0.85779144418701014     
  0.70999999999999996       0.85952874081491637     
  0.71099999999999997       0.86126902652258175     
  0.71199999999999997       0.86301231252043475     
  0.71299999999999997       0.86475861006961297     
  0.71399999999999997       0.86650793048226227     
  0.71499999999999997       0.86826028512183773     
  0.71599999999999997       0.87001568540340668     
  0.71699999999999997       0.87177414279395427     
  0.71799999999999997       0.87353566881269074     
  0.71899999999999997       0.87530027503136076     
  0.71999999999999997       0.87706797307455564     
  0.72099999999999997       0.87883877462002680     
  0.72199999999999998       0.88061269139900233     
  0.72299999999999998       0.88238973519650499     
  0.72399999999999998       0.88416991785167309     
  0.72499999999999998       0.88595325125808333     
  0.72599999999999998       0.88773974736407590     
  0.72699999999999998       0.88952941817308218     
  0.72799999999999998       0.89132227574395406     
  0.72899999999999998       0.89311833219129666     
  0.72999999999999998       0.89491759968580253     
  0.73099999999999998       0.89672009045458867     
  0.73199999999999998       0.89852581678153554     
  0.73299999999999998       0.90033479100762903     
  0.73399999999999999       0.90214702553130477     
  0.73499999999999999       0.90396253280879435     
  0.73599999999999999       0.90578132535447464     
  0.73699999999999999       0.90760341574121939     
  0.73799999999999999       0.90942881660075325     
  0.73899999999999999       0.91125754062400877     
  0.73999999999999999       0.91308960056148525     
  0.74099999999999999       0.91492500922361075     
  0.74199999999999999       0.91676377948110654     
  0.74299999999999999       0.91860592426535415     
  0.74399999999999999       0.92045145656876504     
  0.74500000000000000       0.92230038944515325     
  0.74600000000000000       0.92415273601011028     
  0.74700000000000000       0.92600850944138302     
  0.74800000000000000       0.92786772297925424     
  0.74900000000000000       0.92973038992692614     
  0.75000000000000000       0.93159652365090628     
  0.75100000000000000       0.93346613758139685     
  0.75200000000000000       0.93533924521268608     
  0.75300000000000000       0.93721586010354319     
  0.75400000000000000       0.93909599587761594     
  0.75500000000000000       0.94097966622383111     
  0.75600000000000001       0.94286688489679782     
  0.75700000000000001       0.94475766571721409     
  0.75800000000000001       0.94665202257227599     
  0.75900000000000001       0.94854996941609038     
  0.76000000000000001       0.95045152027008994     
  0.76100000000000001       0.95235668922345218     
  0.76200000000000001       0.95426549043352071     
  0.76300000000000001       0.95617793812622986     
  0.76400000000000001       0.95809404659653308     
  0.76500000000000001       0.96001383020883357     
  0.76600000000000001       0.96193730339741867     
  0.76700000000000002       0.96386448066689734     
  0.76800000000000002       0.96579537659264114     
  0.76900000000000002       0.96773000582122803     
  0.77000000000000002       0.96966838307088998     
  0.77100000000000002       0.97161052313196339     
  0.77200000000000002       0.97355644086734350     
  0.77300000000000002       0.97550615121294182     
  0.77400000000000002       0.97745966917814697     
  0.77500000000000002       0.97941700984628921     
  0.77600000000000002       0.98137818837510848     
  0.77700000000000002       0.98334321999722551     
  0.77800000000000002       0.98531212002061708     
  0.77900000000000003       0.98728490382909462     
  0.78000000000000003       0.98926158688278631     
  0.78100000000000003       0.99124218471862313     
  0.78200000000000003       0.99322671295082821     
  0.78300000000000003       0.99521518727141034     
  0.78400000000000003       0.99720762345066094     
  0.78500000000000003       0.99920403733765484     
  0.78600000000000003        1.0012044448607549     
  0.78700000000000003        1.0032088620281208     
  0.78800000000000003        1.0052173049282207     
  0.78900000000000003        1.0072297897303488     
  0.79000000000000004        1.0092463326851444     
  0.79100000000000004        1.0112669501251170     
  0.79200000000000004        1.0132916584651741     
  0.79300000000000004        1.0153204742031539     
  0.79400000000000004        1.0173534139203615     
  0.79500000000000004        1.0193904942821101     
  0.79600000000000004        1.0214317320382651     
  0.79700000000000004        1.0234771440237933     
  0.79800000000000004        1.0255267471593168     
  0.79900000000000004        1.0275805584516695     
  0.80000000000000004        1.0296385949944602     
  0.80100000000000005        1.0317008739686377     
  0.80200000000000005        1.0337674126430627     
  0.80300000000000005        1.0358382283750815     
  0.80400000000000005        1.0379133386111072     
  0.80500000000000005        1.0399927608872028     
  0.80600000000000005        1.0420765128296701     
  0.80700000000000005        1.0441646121556434     
  0.80800000000000005        1.0462570766736874     
  0.80900000000000005        1.0483539242843998     
  0.81000000000000005        1.0504551729810188     
  0.81100000000000005        1.0525608408500353     
  0.81200000000000006        1.0546709460718107     
  0.81300000000000006        1.0567855069211973     
  0.81400000000000006        1.0589045417681671     
  0.81500000000000006        1.0610280690784422     
  0.81600000000000006        1.0631561074141325     
  0.81700000000000006        1.0652886754343771     
  0.81800000000000006        1.0674257918959920     
  0.81900000000000006        1.0695674756541218     
  0.82000000000000006        1.0717137456628971     
  0.82100000000000006        1.0738646209760976     
  0.82200000000000006        1.0760201207478197     
  0.82300000000000006        1.0781802642331499     
  0.82400000000000007        1.0803450707888438     
  0.82500000000000007        1.0825145598740096     
  0.82600000000000007        1.0846887510507988     
  0.82700000000000007        1.0868676639851005     
  0.82800000000000007        1.0890513184472428     
  0.82900000000000007        1.0912397343126989     
  0.83000000000000007        1.0934329315628002     
  0.83100000000000007        1.0956309302854532     
  0.83200000000000007        1.0978337506758640     
  0.83299999999999996        1.1000414130372675     
  0.83399999999999996        1.1022539377816640     
  0.83499999999999996        1.1044713454305595     
  0.83599999999999997        1.1066936566157146     
  0.83699999999999997        1.1089208920798974     
  0.83799999999999997        1.1111530726776440     
  0.83899999999999997        1.1133902193760243     
  0.83999999999999997        1.1156323532554151     
  0.84099999999999997        1.1178794955102780     
  0.84199999999999997        1.1201316674499451     
  0.84299999999999997        1.1223888904994106     
  0.84399999999999997        1.1246511862001292     
  0.84499999999999997        1.1269185762108207     
  0.84599999999999997        1.1291910823082814     
  0.84699999999999998        1.1314687263882024     
  0.84799999999999998        1.1337515304659944     
  0.84899999999999998        1.1360395166776198     
  0.84999999999999998        1.1383327072804308     
  0.85099999999999998        1.1406311246540159     
  0.85199999999999998        1.1429347913010524     
  0.85299999999999998        1.1452437298481657     
  0.85399999999999998        1.1475579630467974     
  0.85499999999999998        1.1498775137740784     
  0.85599999999999998        1.1522024050337121     
  0.85699999999999998        1.1545326599568617     
  0.85799999999999998        1.1568683018030483     
  0.85899999999999999        1.1592093539610540     
  0.85999999999999999        1.1615558399498340     
  0.86099999999999999        1.1639077834194362     
  0.86199999999999999        1.1662652081519282     
  0.86299999999999999        1.1686281380623320     
  0.86399999999999999        1.1709965971995677     
  0.86499999999999999        1.1733706097474037     
  0.86599999999999999        1.1757502000254167     
  0.86699999999999999        1.1781353924899582     
  0.86799999999999999        1.1805262117351301     
  0.86899999999999999        1.1829226824937689     
  0.87000000000000000        1.1853248296384375     
  0.87100000000000000        1.1877326781824267     
  0.87200000000000000        1.1901462532807636     
  0.87300000000000000        1.1925655802312300     
  0.87400000000000000        1.1949906844753895     
  0.87500000000000000        1.1974215915996225     
  0.87600000000000000        1.1998583273361714     
  0.87700000000000000        1.2023009175641934     
  0.87800000000000000        1.2047493883108242     
  0.87900000000000000        1.2072037657522492     
  0.88000000000000000        1.2096640762147848     
  0.88100000000000001        1.2121303461759689     
  0.88200000000000001        1.2146026022656617     
  0.88300000000000001        1.2170808712671544     
  0.88400000000000001        1.2195651801182892     
  0.88500000000000001        1.2220555559125887     
  0.88600000000000001        1.2245520259003941     
  0.88700000000000001        1.2270546174900150     
  0.88800000000000001        1.2295633582488883     
  0.88900000000000001        1.2320782759047475     
  0.89000000000000001        1.2345993983468022     
  0.89100000000000001        1.2371267536269284     
  0.89200000000000002        1.2396603699608686     
  0.89300000000000002        1.2422002757294439     
  0.89400000000000002        1.2447464994797748     
  0.89500000000000002        1.2472990699265145     
  0.89600000000000002        1.2498580159530925     
  0.89700000000000002        1.2524233666129698     
  0.89800000000000002        1.2549951511309037     
  0.89900000000000002        1.2575733989042261     
  0.90000000000000002        1.2601581395041321     
  0.90100000000000002        1.2627494026769797     
  0.90200000000000002        1.2653472183456018     
  0.90300000000000002        1.2679516166106299     
  0.90400000000000003        1.2705626277518300     
  0.90500000000000003        1.2731802822294496     
  0.90600000000000003        1.2758046106855776     
  0.90700000000000003        1.2784356439455167     
  0.90800000000000003        1.2810734130191672     
  0.90900000000000003        1.2837179491024244     
  0.91000000000000003        1.2863692835785883     
  0.91100000000000003        1.2890274480197856     
  0.91200000000000003        1.2916924741884057     
  0.91300000000000003        1.2943643940385487     
  0.91400000000000003        1.2970432397174874     
  0.91500000000000004        1.2997290435671423     
  0.91600000000000004        1.3024218381255703     
  0.91700000000000004        1.3051216561284671     
  0.91800000000000004        1.3078285305106825     
  0.91900000000000004        1.3105424944077511     
  0.92000000000000004        1.3132635811574367     
  0.92100000000000004        1.3159918243012896     
  0.92200000000000004        1.3187272575862203     
  0.92300000000000004        1.3214699149660867     
  0.92400000000000004        1.3242198306032955     
  0.92500000000000004        1.3269770388704196     
  0.92600000000000005        1.3297415743518304     
  0.92700000000000005        1.3325134718453442     
  0.92800000000000005        1.3352927663638852     
  0.92900000000000005        1.3380794931371636     
  0.93000000000000005        1.3408736876133689     
  0.93100000000000005        1.3436753854608805     
  0.93200000000000005        1.3464846225699922     
  0.93300000000000005        1.3493014350546553     
  0.93400000000000005        1.3521258592542358     
  0.93500000000000005        1.3549579317352902     
  0.93600000000000005        1.3577976892933570     
  0.93700000000000006        1.3606451689547649     
  0.93800000000000006        1.3635004079784594     
  0.93900000000000006        1.3663634438578449     
  0.94000000000000006        1.3692343143226464     
  0.94100000000000006        1.3721130573407871     
  0.94200000000000006        1.3749997111202852     
  0.94300000000000006        1.3778943141111679     
  0.94400000000000006        1.3807969050074043     
  0.94500000000000006        1.3837075227488567     
  0.94600000000000006        1.3866262065232506     
  0.94700000000000006        1.3895529957681636     
  0.94800000000000006        1.3924879301730331     
  0.94900000000000007        1.3954310496811844     
  0.95000000000000007        1.3983823944918774     
  0.95100000000000007        1.4013420050623733     
  0.95200000000000007        1.4043099221100217     
  0.95300000000000007        1.4072861866143680     
  0.95400000000000007        1.4102708398192803     
  0.95500000000000007        1.4132639232350985     
  0.95600000000000007        1.4162654786408031     
  0.95700000000000007        1.4192755480862060     
  0.95800000000000007        1.4222941738941626     
  0.95900000000000007        1.4253213986628048     
  0.95999999999999996        1.4283572652677974     
  0.96099999999999997        1.4314018168646152     
  0.96199999999999997        1.4344550968908441     
  0.96299999999999997        1.4375171490685026     
  0.96399999999999997        1.4405880174063890     
  0.96499999999999997        1.4436677462024499     
  0.96599999999999997        1.4467563800461729     
  0.96699999999999997        1.4498539638210033     
  0.96799999999999997        1.4529605427067835     
  0.96899999999999997        1.4560761621822191     
  0.96999999999999997        1.4592008680273671     
  0.97099999999999997        1.4623347063261509     
  0.97199999999999998        1.4654777234688996     
  0.97299999999999998        1.4686299661549125     
  0.97399999999999998        1.4717914813950501     
  0.97499999999999998        1.4749623165143511     
  0.97599999999999998        1.4781425191546749     
  0.97699999999999998        1.4813321372773725     
  0.97799999999999998        1.4845312191659821     
  0.97899999999999998        1.4877398134289548     
  0.97999999999999998        1.4909579690024051     
  0.98099999999999998        1.4941857351528913     
  0.98199999999999998        1.4974231614802245     
  0.98299999999999998        1.5006702979203039     
  0.98399999999999999        1.5039271947479840     
  0.98499999999999999        1.5071939025799690     
  0.98599999999999999        1.5104704723777382     
  0.98699999999999999        1.5137569554505008     
  0.98799999999999999        1.5170534034581808     
  0.98899999999999999        1.5203598684144342     
  0.98999999999999999        1.5236764026896950     
  0.99099999999999999        1.5270030590142551     
  0.99199999999999999        1.5303398904813748     
  0.99299999999999999        1.5336869505504251     
  0.99399999999999999        1.5370442930500647     
  0.99500000000000000        1.5404119721814478     
  0.99600000000000000        1.5437900425214666     
  0.99700000000000000        1.5471785590260279     
  0.99800000000000000        1.5505775770333634     
  0.99900000000000000        1.5539871522673749     
   1.0000000000000000        1.5574073408410147     
   1.0010000000000001        1.5608381992597016     
   1.0020000000000000        1.5642797844247727     
   1.0030000000000001        1.5677321536369724     
   1.0040000000000000        1.5711953645999777     
   1.0050000000000001        1.5746694754239605     
   1.0060000000000000        1.5781545446291887     
   1.0070000000000001        1.5816506311496652     
   1.0080000000000000        1.5851577943368051     
   1.0090000000000001        1.5886760939631535     
   1.0100000000000000        1.5922055902261416     
   1.0110000000000001        1.5957463437518842     
   1.0120000000000000        1.5992984155990169     
   1.0130000000000001        1.6028618672625758     
   1.0140000000000000        1.6064367606779184     
   1.0150000000000001        1.6100231582246862     
   1.0160000000000000        1.6136211227308113     
   1.0170000000000001        1.6172307174765652     
   1.0180000000000000        1.6208520061986529     
   1.0190000000000001        1.6244850530943504     
   1.0200000000000000        1.6281299228256878     
   1.0210000000000001        1.6317866805236776     
   1.0220000000000000        1.6354553917925900     
   1.0230000000000001        1.6391361227142744     
   1.0240000000000000        1.6428289398525282     
   1.0249999999999999        1.6465339102575141     
   1.0260000000000000        1.6502511014702257     
   1.0269999999999999        1.6539805815270026     
   1.0280000000000000        1.6577224189640951     
   1.0289999999999999        1.6614766828222802     
   1.0300000000000000        1.6652434426515275     
   1.0309999999999999        1.6690227685157177     
   1.0320000000000000        1.6728147309974148     
   1.0329999999999999        1.6766194012026887     
   1.0340000000000000        1.6804368507659948     
   1.0349999999999999        1.6842671518551060     
   1.0360000000000000        1.6881103771761008     
   1.0369999999999999        1.6919665999784081     
   1.0380000000000000        1.6958358940599076     
   1.0389999999999999        1.6997183337720887     
   1.0400000000000000        1.7036139940252673     
   1.0409999999999999        1.7075229502938614     
   1.0420000000000000        1.7114452786217274     
   1.0429999999999999        1.7153810556275559     
   1.0440000000000000        1.7193303585103306     
   1.0449999999999999        1.7232932650548469     
   1.0460000000000000        1.7272698536372970     
   1.0469999999999999        1.7312602032309155     
   1.0480000000000000        1.7352643934116923     
   1.0489999999999999        1.7392825043641500     
   1.0500000000000000        1.7433146168871887     
   1.0509999999999999        1.7473608123999969     
   1.0520000000000000        1.7514211729480320     
   1.0529999999999999        1.7554957812090695     
   1.0540000000000000        1.7595847204993229     
   1.0549999999999999        1.7636880747796342     
   1.0560000000000000        1.7678059286617365     
   1.0569999999999999        1.7719383674145910     
   1.0580000000000001        1.7760854769707961     
   1.0589999999999999        1.7802473439330733     
   1.0600000000000001        1.7844240555808286     
   1.0609999999999999        1.7886156998767913     
   1.0620000000000001        1.7928223654737308     
   1.0629999999999999        1.7970441417212528     
   1.0640000000000001        1.8012811186726767     
   1.0649999999999999        1.8055333870919932     
   1.0660000000000001        1.8098010384609058     
   1.0669999999999999        1.8140841649859558     
   1.0680000000000001        1.8183828596057323     
   1.0690000000000000        1.8226972159981678     
   1.0700000000000001        1.8270273285879222     
   1.0710000000000000        1.8313732925538548     
   1.0720000000000001        1.8357352038365866     
   1.0730000000000000        1.8401131591461533     
   1.0740000000000001        1.8445072559697508     
   1.0750000000000000        1.8489175925795749     
   1.0760000000000001        1.8533442680407552     
   1.0770000000000000        1.8577873822193867     
   1.0780000000000001        1.8622470357906571     
   1.0790000000000000        1.8667233302470760     
   1.0800000000000001        1.8712163679068023     
   1.0810000000000000        1.8757262519220745     
   1.0820000000000001        1.8802530862877453     
   1.0830000000000000        1.8847969758499195     
   1.0840000000000001        1.8893580263146994     
   1.0850000000000000        1.8939363442570385     
   1.0860000000000001        1.8985320371297039     
   1.0870000000000000        1.9031452132723505     
   1.0880000000000001        1.9077759819207076     
   1.0890000000000000        1.9124244532158798     
   1.0900000000000001        1.9170907382137645     
   1.0910000000000000        1.9217749488945868     
   1.0920000000000001        1.9264771981725535     
   1.0930000000000000        1.9311975999056294     
   1.0940000000000001        1.9359362689054358     
   1.0950000000000000        1.9406933209472732     
   1.0960000000000001        1.9454688727802725     
   1.0970000000000000        1.9502630421376730     
   1.0980000000000001        1.9550759477472319     
   1.0990000000000000        1.9599077093417654     
   1.1000000000000001        1.9647584476698245     
   1.1010000000000000        1.9696282845065076     
   1.1020000000000001        1.9745173426644105     
   1.1030000000000000        1.9794257460047175     
   1.1040000000000001        1.9843536194484355     
   1.1050000000000000        1.9893010889877709     
   1.1060000000000001        1.9942682816976562     
   1.1070000000000000        1.9992553257474228     
   1.1080000000000001        2.0042623504126276     
   1.1090000000000000        2.0092894860870314     
   1.1100000000000001        2.0143368642947341     
   1.1110000000000000        2.0194046177024689     
   1.1120000000000001        2.0244928801320556     
   1.1130000000000000        2.0296017865730183     
   1.1140000000000001        2.0347314731953690     
   1.1150000000000000        2.0398820773625586     
   1.1160000000000001        2.0450537376445994     
   1.1170000000000000        2.0502465938313610     
   1.1180000000000001        2.0554607869460413     
   1.1190000000000000        2.0606964592588191     
   1.1200000000000001        2.0659537543006850     
   1.1210000000000000        2.0712328168774592     
   1.1220000000000001        2.0765337930839958     
   1.1230000000000000        2.0818568303185780     
   1.1240000000000001        2.0872020772975053     
   1.1250000000000000        2.0925696840698786     
   1.1260000000000001        2.0979598020325838     
   1.1270000000000000        2.1033725839454780     
   1.1280000000000001        2.1088081839467816     
   1.1290000000000000        2.1142667575686800     
   1.1300000000000001        2.1197484617531361     
   1.1310000000000000        2.1252534548679214     
   1.1320000000000001        2.1307818967228620     
   1.1330000000000000        2.1363339485863118     
   1.1340000000000001        2.1419097732018488     
   1.1350000000000000        2.1475095348052027     
   1.1360000000000001        2.1531333991414146     
   1.1370000000000000        2.1587815334822373     
   1.1380000000000001        2.1644541066437730     
   1.1390000000000000        2.1701512890043579     
   1.1400000000000001        2.1758732525226958     
   1.1410000000000000        2.1816201707562457     
   1.1420000000000001        2.1873922188798645     
   1.1430000000000000        2.1931895737047129     
   1.1440000000000001        2.1990124136974263     
   1.1450000000000000        2.2048609189995565     
   1.1460000000000001        2.2107352714472874     
   1.1470000000000000        2.2166356545914301     
   1.1480000000000001        2.2225622537177014     
   1.1490000000000000        2.2285152558672912     
   1.1500000000000001        2.2344948498577226     
   1.1510000000000000        2.2405012263040112     
   1.1520000000000001        2.2465345776401264     
   1.1530000000000000        2.2525950981407612     
   1.1539999999999999        2.2586829839434155     
   1.1550000000000000        2.2647984330707982     
   1.1559999999999999        2.2709416454535538     
   1.1570000000000000        2.2771128229533164     
   1.1579999999999999        2.2833121693861012     
   1.1590000000000000        2.2895398905460365     
   1.1599999999999999        2.2957961942294407     
   1.1610000000000000        2.3020812902592529     
   1.1619999999999999        2.3083953905098227     
   1.1630000000000000        2.3147387089320630     
   1.1639999999999999        2.3211114615789761     
   1.1650000000000000        2.3275138666315538     
   1.1659999999999999        2.3339461444250662     
   1.1670000000000000        2.3404085174757361     
   1.1679999999999999        2.3469012105078142     
   1.1690000000000000        2.3534244504810564     
   1.1699999999999999        2.3599784666186152     
   1.1710000000000000        2.3665634904353459     
   1.1719999999999999        2.3731797557665422     
   1.1730000000000000        2.3798274987971024     
   1.1739999999999999        2.3865069580911391     
   1.1750000000000000        2.3932183746220357     
   1.1759999999999999        2.3999619918029604     
   1.1770000000000000        2.4067380555178466     
   1.1779999999999999        2.4135468141528431     
   1.1790000000000000        2.4203885186282492     
   1.1799999999999999        2.4272634224309391     
   1.1810000000000000        2.4341717816472839     
   1.1819999999999999        2.4411138549965838     
   1.1830000000000001        2.4480899038650166     
   1.1839999999999999        2.4551001923401121     
   1.1850000000000001        2.4621449872457641     
   1.1859999999999999        2.4692245581777876     
   1.1870000000000001        2.4763391775400310     
   1.1879999999999999        2.4834891205810554     
   1.1890000000000001        2.4906746654313912     
   1.1899999999999999        2.4978960931413785     
   1.1910000000000001        2.5051536877196088     
   1.1919999999999999        2.5124477361719735     
   1.1930000000000001        2.5197785285413334     
   1.1940000000000000        2.5271463579478199     
   1.1950000000000001        2.5345515206297788     
   1.1960000000000000        2.5419943159853702     
   1.1970000000000001        2.5494750466148353     
   1.1980000000000000        2.5569940183634459     
   1.1990000000000001        2.5645515403651440     
   1.2000000000000000        2.5721479250868886     
   1.2010000000000001        2.5797834883737232     
   1.2020000000000000        2.5874585494945737     
   1.2030000000000001        2.5951734311887975     
   1.2040000000000000        2.6029284597134894     
   1.2050000000000001        2.6107239648915672     
   1.2060000000000000        2.6185602801606462     
   1.2070000000000001        2.6264377426227203     
   1.2080000000000000        2.6343566930946642     
   1.2090000000000001        2.6423174761595738     
   1.2100000000000000        2.6503204402189602     
   1.2110000000000001        2.6583659375458137     
   1.2120000000000000        2.6664543243385559     
   1.2130000000000001        2.6745859607758948     
   1.2140000000000000        2.6827612110726053     
   1.2150000000000001        2.6909804435362470     
   1.2160000000000000        2.6992440306248429     
   1.2170000000000001        2.7075523490055371     
   1.2180000000000000        2.7159057796142481     
   1.2190000000000001        2.7243047077163398     
   1.2200000000000000        2.7327495229683323     
   1.2210000000000001        2.7412406194806684     
   1.2220000000000000        2.7497783958815614     
   1.2230000000000001        2.7583632553819442     
   1.2240000000000000        2.7669956058415406     
   1.2250000000000001        2.7756758598360864     
   1.2260000000000000        2.7844044347257157     
   1.2270000000000001        2.7931817527245437     
   1.2280000000000000        2.8020082409714679     
   1.2290000000000001        2.8108843316022090     
   1.2300000000000000        2.8198104618226232     
   1.2310000000000001        2.8287870739833068     
   1.2320000000000000        2.8378146156555237     
   1.2330000000000001        2.8468935397084807     
   1.2340000000000000        2.8560243043879789     
   1.2350000000000001        2.8652073733964709     
   1.2360000000000000        2.8744432159745537     
   1.2370000000000001        2.8837323069839238     
   1.2380000000000000        2.8930751269918313     
   1.2390000000000001        2.9024721623570580     
   1.2400000000000000        2.9119239053174564     
   1.2410000000000001        2.9214308540790812     
   1.2420000000000000        2.9309935129069480     
   1.2430000000000001        2.9406123922174512     
   1.2440000000000000        2.9502880086724801     
   1.2450000000000001        2.9600208852752683     
   1.2460000000000000        2.9698115514680126     
   1.2470000000000001        2.9796605432313021     
   1.2480000000000000        2.9895684031853951     
   1.2490000000000001        2.9995356806933819     
   1.2500000000000000        3.0095629319662813     
   1.2510000000000001        3.0196507201701053     
   1.2520000000000000        3.0297996155349405     
   1.2530000000000001        3.0400101954660879     
   1.2540000000000000        3.0502830446573093     
   1.2550000000000001        3.0606187552062232     
   1.2560000000000000        3.0710179267319004     
   1.2570000000000001        3.0814811664947097     
   1.2580000000000000        3.0920090895184607     
   1.2590000000000001        3.1026023187148972     
   1.2600000000000000        3.1132614850105953     
   1.2610000000000001        3.1239872274763165     
   1.2620000000000000        3.1347801934588766     
   1.2630000000000001        3.1456410387155835     
   1.2640000000000000        3.1565704275513058     
   1.2650000000000001        3.1675690329582276     
   1.2660000000000000        3.1786375367583584     
   1.2670000000000001        3.1897766297488541     
   1.2680000000000000        3.2009870118502195     
   1.2690000000000001        3.2122693922574550     
   1.2700000000000000        3.2236244895942212     
   1.2710000000000001        3.2350530320700859     
   1.2720000000000000        3.2465557576409299     
   1.2730000000000001        3.2581334141725851     
   1.2740000000000000        3.2697867596077788     
   1.2750000000000001        3.2815165621364661     
   1.2760000000000000        3.2933236003696278     
   1.2770000000000001        3.3052086635166171     
   1.2780000000000000        3.3171725515661423     
   1.2790000000000001        3.3292160754709688     
   1.2800000000000000        3.3413400573364322     
   1.2809999999999999        3.3535453306128566     
   1.2820000000000000        3.3658327402919666     
   1.2829999999999999        3.3782031431073962     
   1.2840000000000000        3.3906574077393929     
   1.2849999999999999        3.4031964150238174     
   1.2860000000000000        3.4158210581655473     
   1.2869999999999999        3.4285322429563929     
   1.2880000000000000        3.4413308879976343     
   1.2889999999999999        3.4542179249272995     
   1.2900000000000000        3.4671942986522954     
   1.2909999999999999        3.4802609675855196     
   1.2920000000000000        3.4934189038880725     
   1.2929999999999999        3.5066690937167020     
   1.2940000000000000        3.5200125374766102     
   1.2949999999999999        3.5334502500797629     
   1.2960000000000000        3.5469832612088346     
   1.2969999999999999        3.5606126155869409     
   1.2980000000000000        3.5743393732533013     
   1.2989999999999999        3.5881646098449878     
   1.3000000000000000        3.6020894168849158     
   1.3009999999999999        3.6161149020762395     
   1.3020000000000000        3.6302421896033175     
   1.3029999999999999        3.6444724204394228     
   1.3040000000000000        3.6588067526613712     
   1.3049999999999999        3.6732463617712532     
   1.3060000000000000        3.6877924410254534     
   1.3069999999999999        3.7024462017711555     
   1.3080000000000001        3.7172088737905282     
   1.3089999999999999        3.7320817056527997     
   1.3100000000000001        3.7470659650744311     
   1.3109999999999999        3.7621629392876086     
   1.3120000000000001        3.7773739354172777     
   1.3129999999999999        3.7927002808669528     
   1.3140000000000001        3.8081433237135398     
   1.3149999999999999        3.8237044331114207     
   1.3160000000000001        3.8393849997060512     
   1.3169999999999999        3.8551864360573376     
   1.3180000000000001        3.8711101770730614     
   1.3190000000000000        3.8871576804526300     
   1.3200000000000001        3.9033304271414444     
   1.3210000000000000        3.9196299217961807     
   1.3220000000000001        3.9360576932612892     
   1.3230000000000000        3.9526152950570332     
   1.3240000000000001        3.9693043058793913     
   1.3250000000000000        3.9861263301121612     
   1.3260000000000001        4.0030829983516156     
   1.3270000000000000        4.0201759679440681     
   1.3280000000000001        4.0374069235367251     
   1.3290000000000000        4.0547775776422048     
   1.3300000000000001        4.0722896712171188     
   1.3310000000000000        4.0899449742551353     
   1.3320000000000001        4.1077452863949384     
   1.3330000000000000        4.1256924375435284     
   1.3340000000000001        4.1437882885153146     
   1.3350000000000000        4.1620347316874664     
   1.3360000000000001        4.1804336916720164     
   1.3370000000000000        4.1989871260052016     
   1.3380000000000001        4.2176970258545818     
   1.3390000000000000        4.2365654167444511     
   1.3400000000000001        4.2555943593001109     
   1.3410000000000000        4.2747859500115748     
   1.3420000000000001        4.2941423220172972     
   1.3430000000000000        4.3136656459085474     
   1.3440000000000001        4.3333581305550606     
   1.3450000000000000        4.3532220239526245     
   1.3460000000000001        4.3732596140932936     
   1.3470000000000000        4.3934732298589250     
   1.3480000000000001        4.4138652419387832     
   1.3490000000000000        4.4344380637719603     
   1.3500000000000001        4.4551941525154062     
   1.3510000000000000        4.4761360100383856     
   1.3520000000000001        4.4972661839441983     
   1.3530000000000000        4.5185872686200490     
   1.3540000000000001        4.5401019063159680     
   1.3550000000000000        4.5618127882537314     
   1.3560000000000001        4.5837226557667519     
   1.3570000000000000        4.6058343014719592     
   1.3580000000000001        4.6281505704747188     
   1.3590000000000000        4.6506743616078863     
   1.3600000000000001        4.6734086287061221     
   1.3610000000000000        4.6963563819166509     
   1.3620000000000001        4.7195206890476840     
   1.3630000000000000        4.7429046769557726     
   1.3640000000000001        4.7665115329734133     
   1.3650000000000000        4.7903445063782684     
   1.3660000000000001        4.8144069099054301     
   1.3670000000000000        4.8387021213042054     
   1.3680000000000001        4.8632335849409527     
   1.3690000000000000        4.8880048134495757     
   1.3700000000000001        4.9130193894313292     
   1.3710000000000000        4.9382809672056673     
   1.3720000000000001        4.9637932746139333     
   1.3730000000000000        4.9895601148777544     
   1.3740000000000001        5.0155853685140963     
   1.3750000000000000        5.0418729953089922     
   1.3760000000000001        5.0684270363520643     
   1.3770000000000000        5.0952516161340302     
   1.3780000000000001        5.1223509447094759     
   1.3790000000000000        5.1497293199272827     
   1.3800000000000001        5.1773911297311930     
   1.3810000000000000        5.2053408545330893     
   1.3820000000000001        5.2335830696616954     
   1.3830000000000000        5.2621224478895048     
   1.3840000000000001        5.2909637620408656     
   1.3850000000000000        5.3201118876842832     
   1.3860000000000001        5.3495718059121282     
   1.3870000000000000        5.3793486062110789     
   1.3880000000000001        5.4094474894267739     
   1.3890000000000000        5.4398737708262974     
   1.3900000000000001        5.4706328832622910     
   1.3910000000000000        5.5017303804426421     
   1.3920000000000001        5.5331719403098862     
   1.3930000000000000        5.5649633685346407     
   1.3940000000000001        5.5971106021275840     
   1.3950000000000000        5.6296197131746997     
   1.3960000000000001        5.6624969127007194     
   1.3970000000000000        5.6957485546659381     
   1.3980000000000001        5.7293811401017836     
   1.3990000000000000        5.7634013213908171     
   1.4000000000000001        5.7978159066970640     
   1.4010000000000000        5.8326318645528810     
   1.4020000000000001        5.8678563286088510     
   1.4030000000000000        5.9034966025535009     
   1.4040000000000001        5.9395601652099730     
   1.4050000000000000        5.9760546758171147     
   1.4060000000000001        6.0129879795028280     
   1.4070000000000000        6.0503681129578837     
   1.4079999999999999        6.0882033103188231     
   1.4090000000000000        6.1265020092689975     
   1.4099999999999999        6.1652728573672295     
   1.4110000000000000        6.2045247186140751     
   1.4119999999999999        6.2442666802661524     
   1.4130000000000000        6.2845080599095473     
   1.4139999999999999        6.3252584128038496     
   1.4150000000000000        6.3665275395089909     
   1.4159999999999999        6.4083254938076566     
   1.4170000000000000        6.4506625909367346     
   1.4179999999999999        6.4935494161419500     
   1.4190000000000000        6.5369968335705879     
   1.4199999999999999        6.5810159955179985     
   1.4210000000000000        6.6256183520444072     
   1.4219999999999999        6.6708156609794580     
   1.4230000000000000        6.7166199983328427     
   1.4239999999999999        6.7630437691303777     
   1.4250000000000000        6.8100997186959562     
   1.4259999999999999        6.8578009444009256     
   1.4270000000000000        6.9061609079036321     
   1.4279999999999999        6.9551934479031718     
   1.4290000000000000        7.0049127934327160     
   1.4299999999999999        7.0553335777192352     
   1.4310000000000000        7.1064708526379805     
   1.4319999999999999        7.1583401037917067     
   1.4330000000000001        7.2109572662463757     
   1.4339999999999999        7.2643387409569193     
   1.4350000000000001        7.3185014119186240     
   1.4359999999999999        7.3734626640818233     
   1.4370000000000001        7.4292404020698086     
   1.4379999999999999        7.4858530697423022     
   1.4390000000000001        7.5433196706493861     
   1.4399999999999999        7.6016597894235307     
   1.4410000000000001        7.6608936141603108     
   1.4419999999999999        7.7210419598415276     
   1.4430000000000001        7.7821262928578196     
   1.4440000000000000        7.8441687566914515     
   1.4450000000000001        7.9071921988238199     
   1.4460000000000000        7.9712201989363622     
   1.4470000000000001        8.0362770984779797     
   1.4480000000000000        8.1023880316768579     
   1.4490000000000001        8.1695789580796738     
   1.4500000000000000        8.2378766967066799     
   1.4510000000000001        8.3073089619170624     
   1.4520000000000000        8.3779044010853205     
   1.4530000000000001        8.4496926341962570     
   1.4540000000000000        8.5227042954735470     
   1.4550000000000001        8.5969710771647616     
   1.4560000000000000        8.6725257756143357     
   1.4570000000000001        8.7494023397651528     
   1.4580000000000000        8.8276359222394269     
   1.4590000000000001        8.9072629331603448     
   1.4600000000000000        8.9883210968875602     
   1.4610000000000001        9.0708495118522663     
   1.4620000000000000        9.1548887136911983     
   1.4630000000000001        9.2404807418937374     
   1.4640000000000000        9.3276692101923011     
   1.4650000000000001        9.4164993809436091     
   1.4660000000000000        9.5070182437673196     
   1.4670000000000001        9.5992745987290444     
   1.4680000000000000        9.6933191443770994     
   1.4690000000000001        9.7892045709666267     
   1.4700000000000000        9.8869856592312111     
   1.4710000000000001        9.9867193850909626     
   1.4720000000000000        10.088465030717526     
   1.4730000000000001        10.192284302410849     
   1.4740000000000000        10.298241455780122     
   1.4750000000000001        10.406403428762403     
   1.4760000000000000        10.516839983057453     
   1.4770000000000001        10.629623854606612     
   1.4780000000000000        10.744830913797646     
   1.4790000000000001        10.862540336136929     
   1.4800000000000000        10.982834784195553     
   1.4810000000000001        11.105800601707852     
   1.4820000000000000        11.231528020779860     
   1.4830000000000001        11.360111383252494     
   1.4840000000000000        11.491649377360439     
   1.4850000000000001        11.626245290934078     
   1.4860000000000000        11.764007282509430     
   1.4870000000000001        11.905048671841250     
   1.4880000000000000        12.049488251458873     
   1.4890000000000001        12.197450621064617     
   1.4900000000000000        12.349066546752658     
   1.4910000000000001        12.504473347224486     
   1.4920000000000000        12.663815309397787     
   1.4930000000000001        12.827244136051959     
   1.4940000000000000        12.994919428428604     
   1.4950000000000001        13.167009207013125     
   1.4960000000000000        13.343690474068396     
   1.4970000000000001        13.525149821878273     
   1.4980000000000000        13.711584091093338     
   1.4990000000000001        13.903201084060301     
   1.5000000000000000        14.100220338567659     
   1.5010000000000001        14.302873968062348     
   1.5020000000000000        14.511407575095621     
   1.5030000000000001        14.726081245553152     
   1.5040000000000000        14.947170632128396     
   1.5050000000000001        15.174968136525770     
   1.5060000000000000        15.409784201050368     
   1.5070000000000001        15.651948721575922     
   1.5080000000000000        15.901812595408904     
   1.5090000000000001        16.159749419314753     
   1.5100000000000000        16.426157354978923     
   1.5110000000000001        16.701461181483644     
   1.5120000000000000        16.986114557042551     
   1.5130000000000001        17.280602515310239     
   1.5140000000000000        17.585444225145526     
   1.5150000000000001        17.901196046842461     
   1.5160000000000000        18.228454922656638     
   1.5170000000000001        18.567862145072016     
   1.5180000000000000        18.920107552827162     
   1.5190000000000001        19.285934212433911     
   1.5200000000000000        19.666143652000134     
   1.5210000000000001        20.061601724884767     
   1.5220000000000000        20.473245193402914     
   1.5230000000000001        20.902089137873340     
   1.5240000000000000        21.349235314268640     
   1.5250000000000001        21.815881605220383     
   1.5260000000000000        22.303332734932219     
   1.5270000000000001        22.813012449644869     
   1.5280000000000000        23.346477402911162     
   1.5290000000000001        23.905433030633390     
   1.5300000000000000        24.491751756564348     
   1.5310000000000001        25.107493937297054     
   1.5320000000000000        25.754932039897398     
   1.5330000000000001        26.436578649437795     
   1.5340000000000000        27.155219033178483     
   1.5350000000000001        27.913949150083361     
   1.5360000000000000        28.716220198041015     
   1.5369999999999999        29.565891048892638     
   1.5380000000000000        30.467290249559326     
   1.5389999999999999        31.425289688275647     
   1.5400000000000000        32.445392568080663     
   1.5409999999999999        33.533839036181391     
   1.5420000000000000        34.697733744009255     
   1.5429999999999999        35.945200837357532     
   1.5440000000000000        37.285573509607453     
   1.5449999999999999        38.729627451297567     
   1.5460000000000000        40.289870523138809     
   1.5469999999999999        41.980905098110739     
   1.5480000000000000        43.819885251005353     
   1.5489999999999999        45.827099055049487     
